type_weight,total_simulations,avg_total_trades,avg_trade_size,avg_highest_price,avg_lowest_price,avg_start_to_finish_price_change
FOR EACH TYPE: type,avg_pnl,avg_trade_size,avg_num_of_trades,avg_bid/ask_ratio,avg_num_of_traders
--------------------------------------------------------------------
0.1,100,11970.96,2.4409,218.47,99.44,99.24
aggressive,1940.63,5.2104,75.2088,1.2199,15.15
passive,-6131.92,2.7588,70.3011,1.3856,26.97
momentum,-2042.54,2.8593,74.6278,1.1606,27.1
random,-5750.6,4.7959,71.4906,1.162,26.46
fundamental_up,-9653.44,10.4639,33.4646,1.3852,27.0
fundamental_down,63.82,3.5219,2.8573,0.0,27.32
--------------------------------------------------------------------
0.2,100,11928.0,2.3735,415.18,99.13,238.57
aggressive,4489.84,5.0623,74.6252,1.1785,30.16
passive,-6365.13,2.6449,65.9678,1.3532,24.21
momentum,-2016.41,2.8146,72.8666,1.1533,23.83
random,-5262.26,4.4193,68.3225,1.1391,24.32
fundamental_up,-8685.19,12.9887,17.3039,1.2248,24.09
fundamental_down,73.9,3.5691,2.821,0.0,23.39
--------------------------------------------------------------------
0.3,100,12577.14,2.3421,555.45,98.96,297.69
aggressive,3894.17,4.9162,73.4652,1.1572,45.28
passive,-5785.43,2.5813,63.6132,1.2986,20.91
momentum,-2262.01,2.7633,71.7335,1.1368,21.01
random,-4769.39,4.1344,66.9306,1.1185,21.56
fundamental_up,-7772.82,14.3987,11.1591,1.1035,21.23
fundamental_down,81.36,3.525,2.8636,0.0,20.01
--------------------------------------------------------------------
0.4,100,13226.04,2.353,638.04,98.36,339.49
aggressive,3217.83,4.8041,72.9774,1.1486,59.8
passive,-5786.05,2.5359,62.6254,1.2682,17.39
momentum,-3022.58,2.6998,71.9584,1.1372,18.29
random,-4747.95,3.9749,63.7672,1.1236,18.06
fundamental_up,-7092.05,15.2623,8.9957,1.0194,17.93
fundamental_down,77.94,3.5803,2.8223,0.0,18.53
--------------------------------------------------------------------
0.5,100,14295.24,2.3496,734.23,99.93,375.0
aggressive,2475.43,4.6705,72.5737,1.1424,75.12
passive,-5143.01,2.5085,65.5601,1.2154,15.81
momentum,-3107.76,2.6682,71.4492,1.111,14.49
random,-4450.83,3.7978,65.1146,1.1049,15.06
fundamental_up,-6053.94,16.0129,7.1063,0.8384,14.57
fundamental_down,109.01,3.6168,2.7994,0.0,14.95
--------------------------------------------------------------------
0.6,100,15097.12,2.3551,800.34,100.1,416.25
aggressive,1861.51,4.5523,72.394,1.1388,90.23
passive,-4926.77,2.4925,64.655,1.193,12.08
momentum,-3190.06,2.6269,69.2395,1.1177,12.56
random,-4467.02,3.6807,62.9018,1.0982,11.99
fundamental_up,-5813.23,16.4134,6.0764,0.837,12.09
fundamental_down,115.69,3.629,2.8047,0.0,11.05
--------------------------------------------------------------------
0.7,100,15709.26,2.3664,856.7,100.07,437.25
aggressive,1346.22,4.4563,71.3611,1.131,104.86
passive,-4525.0,2.4792,63.9167,1.1707,8.89
momentum,-3064.46,2.6146,68.3026,1.0933,9.05
random,-4575.25,3.5876,62.7654,1.0943,9.04
fundamental_up,-5221.49,16.3839,5.5621,0.7088,8.94
fundamental_down,136.87,3.7187,2.7645,0.0,9.22
--------------------------------------------------------------------
0.8,100,16440.48,2.3579,931.03,100.02,456.92
aggressive,786.74,4.3421,71.0069,1.1306,119.03
passive,-4320.45,2.4953,65.6116,1.1505,6.36
momentum,-3366.2,2.5678,69.4953,1.0987,6.21
random,-4444.79,3.5428,62.9591,1.0893,5.61
fundamental_up,-4218.63,16.3332,5.1402,0.6549,6.11
fundamental_down,157.35,3.815,2.6985,0.0,6.68
--------------------------------------------------------------------
0.9,100,17267.5,2.3581,966.86,100.25,465.29
aggressive,186.69,4.2493,70.8982,1.1271,134.8
passive,-4341.79,2.4564,64.3369,1.125,3.03
momentum,-3224.23,2.3751,62.0228,1.019,2.79
random,-4599.76,3.3895,62.0413,1.0702,2.99
fundamental_up,-4107.7,15.569,5.0048,0.6144,3.21
fundamental_down,197.01,3.7482,2.6025,0.0,3.18
--------------------------------------------------------------------
1.0,100,18008.52,2.3417,1023.07,100.26,466.86
aggressive,-371.85,4.1484,70.4899,1.1254,150.0
passive,0.0,0.0,0.0,0.0,0.0
momentum,0.0,0.0,0.0,0.0,0.0
random,0.0,0.0,0.0,0.0,0.0
fundamental_up,0.0,0.0,0.0,0.0,0.0
fundamental_down,0.0,0.0,0.0,0.0,0.0
--------------------------------------------------------------------
