type_weight,total_simulations,avg_total_trades,avg_trade_size,avg_highest_price,avg_lowest_price,avg_start_to_finish_price_change
type,avg_pnl,avg_trade_size,avg_num_of_trades,avg_bid/ask_ratio,avg_num_of_traders
0.1,100,9417.9,2.3226,234.93,98.88,123.14
aggressive,2323.77,5.1622,74.7454,1.2115,27.81
passive,-10462.36,2.646,49.259,2.366,27.28
momentum,-6514.4,2.7342,69.7794,1.3243,26.37
random,-9679.36,4.3118,60.329,1.2963,26.91
fundamental_up,-8019.81,14.5816,10.4906,1.5798,14.69
fundamental_down,50.95,3.5099,2.8708,0.0,26.94
0.2,100,8766.46,2.3022,183.13,99.1,74.68
aggressive,814.42,5.1997,74.233,1.2288,23.49
passive,-10074.75,2.6445,53.5733,2.1873,24.06
momentum,-5974.97,2.7724,72.5487,1.3009,24.73
random,-9481.25,4.3278,62.6286,1.2961,24.17
fundamental_up,-9287.21,12.9432,10.485,1.7963,29.53
fundamental_down,54.95,3.4627,2.9086,0.0,24.02
0.3,100,7970.36,2.3196,163.41,99.2,55.94
aggressive,249.64,5.2048,75.692,1.223,21.1
passive,-9846.3,2.6296,56.3056,2.1035,20.65
momentum,-5590.0,2.7831,72.1178,1.2924,21.21
random,-9192.47,4.35,63.3442,1.2859,21.71
fundamental_up,-9945.81,12.1409,10.5222,2.0576,44.17
fundamental_down,58.97,3.515,2.8724,0.0,21.16
0.4,100,6768.36,2.3125,139.12,100.01,33.02
aggressive,-682.16,5.2176,75.2909,1.2275,17.42
passive,-9671.87,2.6281,58.0487,2.0046,18.06
momentum,-5512.4,2.7956,73.2683,1.2747,17.0
random,-9402.99,4.2842,63.778,1.2784,18.19
fundamental_up,-10385.74,10.8862,11.3551,2.3189,60.58
fundamental_down,75.08,3.4933,2.895,0.0,18.75
0.5,100,5847.26,2.307,133.37,100.01,27.47
aggressive,-868.46,5.2405,74.3563,1.2323,15.18
passive,-9715.29,2.6157,57.3627,1.9814,14.93
momentum,-5653.42,2.7993,73.3684,1.2639,15.56
random,-9586.1,4.2461,62.8306,1.2615,14.85
fundamental_up,-10604.14,10.2221,11.9503,2.4751,74.74
fundamental_down,72.48,3.5073,2.8934,0.0,14.74
0.6,100,4615.04,2.3192,129.4,99.78,23.12
aggressive,-1154.07,5.221,74.887,1.2239,12.01
passive,-9930.41,2.6207,55.0684,1.9754,11.95
momentum,-6008.66,2.796,71.1351,1.2474,11.98
random,-9904.27,4.2223,58.518,1.2379,12.2
fundamental_up,-10775.6,9.5015,12.7468,2.5201,89.48
fundamental_down,69.56,3.5599,2.8523,0.0,12.38
0.7,100,3483.24,2.3024,127.02,100.34,21.09
aggressive,-1499.52,5.192,75.3379,1.2238,8.92
passive,-10424.91,2.6706,49.9765,2.2932,9.15
momentum,-7144.14,2.7665,70.5738,1.2789,9.12
random,-10410.71,4.2403,53.6117,1.2661,8.36
fundamental_up,-10799.26,9.1854,13.0636,2.0324,105.66
fundamental_down,59.22,3.5996,2.8427,0.0,8.79
0.8,100,2436.44,2.3219,125.6,100.5,20.14
aggressive,-1735.34,5.2259,76.0705,1.2444,6.17
passive,-10704.09,2.7191,44.5689,2.9205,6.13
momentum,-8144.66,2.7481,67.3888,1.3345,5.99
random,-10579.63,4.3238,49.1831,1.2873,5.95
fundamental_up,-10805.79,9.5845,12.1631,1.7175,119.74
fundamental_down,46.05,3.6509,2.8287,0.0,6.02
0.9,100,1285.72,2.234,124.39,100.71,19.89
aggressive,-1512.75,4.8029,69.8675,1.1281,2.9
passive,-10479.22,2.709,37.2942,4.4915,3.08
momentum,-8569.89,2.5073,59.3862,1.3352,2.74
random,-10583.32,4.2395,44.9546,1.2955,3.11
fundamental_up,-10747.78,10.9392,10.1645,1.5097,135.46
fundamental_down,15.22,3.4095,2.5937,0.0,2.71
1.0,100,0.0,0.0,100.0,100.0,0.0
aggressive,0.0,0.0,0.0,0.0,0.0
passive,0.0,0.0,0.0,0.0,0.0
momentum,0.0,0.0,0.0,0.0,0.0
random,0.0,0.0,0.0,0.0,0.0
fundamental_up,-10000.0,19.035,5.258,788.7,150.0
fundamental_down,0.0,0.0,0.0,0.0,0.0
