type_weight,total_simulations,avg_total_trades,avg_trade_size,avg_highest_price,avg_lowest_price,avg_start_to_finish_price_change
type,avg_pnl,avg_trade_size,avg_num_of_trades,avg_bid/ask_ratio,avg_num_of_traders
0.1,100,9418.54,2.3027,215.57,99.04,105.11
aggressive,1607.2,5.1849,75.3194,1.2097,26.5
passive,-10350.69,2.6433,49.7973,2.3362,27.24
momentum,-6486.45,2.748,70.3815,1.3192,27.04
random,-9630.95,4.3049,60.5837,1.3019,27.43
fundamental_up,-9059.7,13.4207,9.7576,1.7322,26.62
fundamental_down,52.57,3.538,2.8699,0.0,15.17
0.2,100,8681.78,2.325,182.03,99.01,74.3
aggressive,868.84,5.2126,74.0988,1.2178,23.86
passive,-10118.22,2.6484,53.5919,2.2262,24.0
momentum,-6025.29,2.7757,72.2546,1.3138,24.02
random,-9422.64,4.3358,62.8719,1.298,23.7
fundamental_up,-9114.41,13.1789,10.925,1.825,24.57
fundamental_down,50.04,3.4722,2.8983,0.0,29.85
0.3,100,8060.74,2.3657,161.44,99.13,54.23
aggressive,210.25,5.2167,76.8486,1.2237,21.88
passive,-9898.52,2.6397,56.3279,2.1249,20.51
momentum,-5515.09,2.7854,71.7243,1.2913,21.04
random,-9316.53,4.3636,63.7818,1.286,20.8
fundamental_up,-8884.03,13.5953,11.9814,1.8521,20.22
fundamental_down,45.39,3.4935,2.8771,0.0,45.55
0.4,100,6897.12,2.3893,139.36,97.7,32.77
aggressive,-453.14,5.2142,75.1931,1.2263,17.42
passive,-9688.19,2.6333,57.2193,2.0808,17.61
momentum,-5628.94,2.7978,73.8688,1.2881,17.52
random,-9358.25,4.3305,64.1386,1.2793,18.52
fundamental_up,-9445.73,13.1165,14.6732,2.1053,17.85
fundamental_down,29.45,3.4691,2.8924,0.0,61.08
0.5,100,5890.52,2.4578,132.28,97.87,26.47
aggressive,-633.03,5.2509,75.014,1.2292,15.27
passive,-9729.21,2.6324,57.5884,2.0201,15.01
momentum,-5585.93,2.8028,73.4191,1.2719,14.21
random,-9494.36,4.3591,63.6167,1.268,15.23
fundamental_up,-10043.11,12.6788,17.5878,2.2046,15.25
fundamental_down,26.6,3.4754,2.8865,0.0,75.03
0.6,100,4918.78,2.5018,127.68,96.72,21.74
aggressive,-708.47,5.2597,74.4171,1.244,12.7
passive,-9690.48,2.672,57.1842,2.0932,12.15
momentum,-5643.66,2.8019,72.9981,1.2665,11.8
random,-9500.83,4.4673,62.1495,1.2646,12.31
fundamental_up,-9714.15,13.3584,18.8301,3.3976,12.26
fundamental_down,10.52,3.4867,2.877,0.0,88.78
0.7,100,3907.2,2.4245,117.07,94.62,12.18
aggressive,-478.69,5.2712,75.9814,1.2493,8.86
passive,-9045.45,2.6925,62.4775,2.0141,8.61
momentum,-4438.46,2.8255,71.9666,1.248,8.62
random,-8776.43,4.5666,66.3505,1.2687,9.06
fundamental_up,-5046.35,17.8718,10.6698,22.9419,8.94
fundamental_down,-5.45,3.4446,2.909,0.0,105.91
0.8,100,2718.6,2.3535,103.62,91.77,-0.77
aggressive,-658.19,5.2364,74.961,1.2238,5.64
passive,-8724.54,2.7121,62.4696,1.9236,5.77
momentum,-3871.04,2.8482,72.686,1.2027,6.22
random,-8763.41,4.591,65.1402,1.2267,5.55
fundamental_up,-1058.72,20.324,5.2281,28.2141,5.55
fundamental_down,-136.83,3.4102,2.9373,0.0,121.27
0.9,100,1522.54,2.3202,100.21,87.98,-6.11
aggressive,-698.99,5.1056,71.3732,1.1971,3.13
passive,-7418.9,2.5521,57.672,1.6599,2.74
momentum,-3294.48,2.709,67.8571,1.0863,2.69
random,-7545.85,4.4274,60.1263,1.1173,3.08
fundamental_up,-383.31,20.2419,5.008,15.82,3.04
fundamental_down,-952.32,4.5202,3.0688,0.0452,135.32
1.0,100,0.0,0.0,100.0,100.0,0.0
aggressive,0.0,0.0,0.0,0.0,0.0
passive,0.0,0.0,0.0,0.0,0.0
momentum,0.0,0.0,0.0,0.0,0.0
random,0.0,0.0,0.0,0.0,0.0
fundamental_up,0.0,0.0,0.0,0.0,0.0
fundamental_down,-1000.0,3.4512,2.9019,0.0,150.0
