type_weight,total_simulations,avg_total_trades,avg_trade_size,avg_highest_price,avg_lowest_price,avg_start_to_finish_price_change
FOR EACH TYPE: type,avg_pnl,avg_trade_size,avg_num_of_trades,avg_bid/ask_ratio,avg_num_of_traders
--------------------------------------------------------------------
0.1,100,11536.68,2.4721,347.38,99.91,191.26
aggressive,3707.37,5.1094,75.024,1.1931,26.4
passive,-5945.78,2.7006,68.451,1.3425,26.56
momentum,-1960.66,2.834,73.9355,1.1596,14.74
random,-5237.74,4.5655,70.6157,1.1417,27.77
fundamental_up,-9030.73,11.9527,21.1982,1.2705,27.25
fundamental_down,79.08,3.4958,2.8813,0.0,27.28
--------------------------------------------------------------------
0.2,100,12052.9,2.3465,358.75,99.62,203.05
aggressive,4365.64,5.0973,74.5219,1.1853,23.93
passive,-6788.3,2.6775,67.5281,1.3863,23.55
momentum,-2029.66,2.8338,74.1212,1.1634,30.34
random,-5649.31,4.5381,69.0478,1.1457,24.73
fundamental_up,-8986.76,12.1595,21.2072,1.2863,23.78
fundamental_down,72.77,3.4813,2.893,0.0,23.67
--------------------------------------------------------------------
0.3,100,12389.2,2.2579,335.35,98.62,190.94
aggressive,4298.34,5.1253,74.0727,1.1919,20.88
passive,-7156.35,2.6777,65.937,1.4159,21.57
momentum,-2235.97,2.8296,73.0959,1.1602,44.69
random,-6253.67,4.5429,69.0299,1.1542,20.94
fundamental_up,-8780.21,12.0651,22.3824,1.3088,21.06
fundamental_down,62.86,3.5077,2.8781,0.0,20.86
--------------------------------------------------------------------
0.4,100,12951.0,2.1679,312.81,98.77,175.83
aggressive,3944.27,5.1437,74.5588,1.1891,17.92
passive,-7770.33,2.6828,64.7778,1.4772,18.6
momentum,-2577.91,2.8328,73.9339,1.1689,60.51
random,-6787.47,4.5687,68.3377,1.1856,17.99
fundamental_up,-8728.86,12.4522,22.726,1.3576,17.44
fundamental_down,60.07,3.4839,2.9024,0.0,17.54
--------------------------------------------------------------------
0.5,100,13427.54,2.082,304.82,98.48,178.31
aggressive,4286.2,5.1393,76.4219,1.1974,14.74
passive,-8487.12,2.6694,63.5186,1.5448,15.06
momentum,-2820.45,2.8328,74.0248,1.174,75.96
random,-7276.83,4.5263,68.4439,1.1771,15.03
fundamental_up,-8333.29,13.17,21.9609,1.4125,14.49
fundamental_down,50.48,3.5063,2.8938,0.0,14.72
--------------------------------------------------------------------
0.6,100,13765.36,2.0195,292.59,98.92,174.11
aggressive,4489.35,5.1641,75.084,1.2032,12.36
passive,-8904.34,2.6855,62.3684,1.6123,11.99
momentum,-3002.67,2.8343,73.9124,1.1844,90.16
random,-7482.56,4.581,66.0963,1.1921,11.27
fundamental_up,-8141.68,13.5597,23.7971,1.4071,11.87
fundamental_down,45.7,3.6074,2.8197,0.0,12.35
--------------------------------------------------------------------
0.7,100,14230.66,1.938,276.44,98.24,160.46
aggressive,4112.06,5.1601,73.9316,1.2064,8.9
passive,-9175.82,2.6721,60.5574,1.6604,9.11
momentum,-3059.55,2.8382,73.651,1.1846,105.41
random,-7827.75,4.562,66.9419,1.2098,8.65
fundamental_up,-7285.29,15.287,21.9889,1.4185,8.84
fundamental_down,33.75,3.6573,2.814,0.0,9.09
--------------------------------------------------------------------
0.8,100,14787.5,1.8764,242.7,98.37,133.09
aggressive,3472.94,5.2014,73.4458,1.2028,5.91
passive,-9401.33,2.6861,60.3911,1.7656,5.95
momentum,-3204.43,2.841,73.9435,1.1884,120.21
random,-7776.66,4.6572,66.8178,1.2247,5.68
fundamental_up,-6733.13,16.1118,23.763,1.5082,6.35
fundamental_down,24.62,3.6162,2.82,0.0,5.9
--------------------------------------------------------------------
0.9,100,15240.38,1.8012,229.61,97.0,121.63
aggressive,2804.58,5.0197,69.4364,1.1463,2.99
passive,-9408.59,2.6301,55.7025,1.8619,3.0
momentum,-3173.22,2.8467,73.6898,1.1893,134.81
random,-7671.66,4.4092,64.2466,1.1869,3.07
fundamental_up,-4160.76,18.8643,20.1843,1.3574,2.86
fundamental_down,10.07,3.8496,2.6168,0.0,3.27
--------------------------------------------------------------------
1.0,100,15809.54,1.7169,228.09,95.99,122.49
aggressive,0.0,0.0,0.0,0.0,0.0
passive,0.0,0.0,0.0,0.0,0.0
momentum,-3214.99,2.8459,73.7438,1.1871,150.0
random,0.0,0.0,0.0,0.0,0.0
fundamental_up,0.0,0.0,0.0,0.0,0.0
fundamental_down,0.0,0.0,0.0,0.0,0.0
--------------------------------------------------------------------
