type_weight,total_simulations,avg_total_trades,avg_trade_size,avg_highest_price,avg_lowest_price,avg_start_to_finish_price_change
FOR EACH TYPE: type,avg_pnl,avg_trade_size,avg_num_of_trades,avg_bid/ask_ratio,avg_num_of_traders
--------------------------------------------------------------------
0.1,100,11624.32,2.4233,364.37,99.77,203.77
aggressive,4027.32,5.0957,74.5773,1.1873,26.42
passive,-6521.96,2.6603,67.9626,1.3561,15.2
momentum,-2149.72,2.8253,73.6409,1.1603,26.73
random,-5417.91,4.5249,69.3103,1.1444,27.46
fundamental_up,-9120.0,11.7326,20.4437,1.3026,27.07
fundamental_down,76.37,3.5239,2.8561,0.0,27.12
--------------------------------------------------------------------
0.2,100,11932.0,2.3664,335.53,99.4,182.92
aggressive,3778.25,5.1268,75.579,1.1954,24.18
passive,-6625.09,2.6904,68.3847,1.3812,30.13
momentum,-2109.4,2.8329,73.1356,1.1615,24.04
random,-5733.44,4.5602,69.5803,1.1511,23.59
fundamental_up,-8877.11,11.9144,21.8609,1.313,24.7
fundamental_down,73.89,3.4648,2.9042,0.0,23.36
--------------------------------------------------------------------
0.3,100,12354.92,2.3159,279.16,99.33,148.41
aggressive,3008.17,5.149,74.6376,1.2,20.95
passive,-6547.77,2.7196,69.2591,1.384,44.47
momentum,-1999.98,2.849,74.2079,1.159,21.13
random,-5817.02,4.6653,70.685,1.1549,21.3
fundamental_up,-9171.3,11.6196,27.2231,1.3269,21.76
fundamental_down,66.41,3.548,2.843,0.0,20.39
--------------------------------------------------------------------
0.4,100,12727.0,2.2542,238.9,98.85,115.97
aggressive,2251.51,5.1898,75.7199,1.2053,18.32
passive,-6488.11,2.7393,70.1657,1.3877,61.15
momentum,-1859.54,2.8507,73.407,1.1539,18.19
random,-6030.04,4.7459,70.2764,1.1557,17.59
fundamental_up,-8757.68,12.3997,29.8406,1.3682,17.49
fundamental_down,64.72,3.4904,2.8916,0.0,17.26
--------------------------------------------------------------------
0.5,100,13140.98,2.216,197.84,99.33,82.36
aggressive,1340.82,5.2053,74.8633,1.217,15.39
passive,-6152.73,2.7605,70.7765,1.3819,75.85
momentum,-1890.37,2.871,74.1106,1.1527,14.56
random,-6020.58,4.8006,71.6449,1.1625,15.04
fundamental_up,-8745.73,12.6259,36.5132,1.4031,14.81
fundamental_down,66.36,3.4959,2.9012,0.0,14.35
--------------------------------------------------------------------
0.6,100,13480.36,2.1612,159.27,98.65,48.63
aggressive,266.97,5.2369,74.3701,1.224,11.95
passive,-5756.81,2.7785,71.2112,1.3732,90.07
momentum,-1928.55,2.8878,74.1896,1.1518,12.42
random,-6042.16,4.8633,72.1625,1.164,11.87
fundamental_up,-8375.98,12.9301,43.6384,1.6092,11.94
fundamental_down,51.98,3.5232,2.8871,0.0,11.75
--------------------------------------------------------------------
0.7,100,13785.34,2.0941,136.94,98.18,27.47
aggressive,-435.8,5.2495,75.3812,1.2211,8.93
passive,-5508.41,2.7858,71.9294,1.3666,105.49
momentum,-1915.69,2.8654,74.8208,1.1345,8.65
random,-5929.29,4.8986,73.7596,1.1633,9.26
fundamental_up,-7184.75,15.2405,45.754,2.14,8.76
fundamental_down,37.47,3.5151,2.909,0.0,8.91
--------------------------------------------------------------------
0.8,100,13483.48,1.9432,126.24,96.74,18.46
aggressive,-551.92,5.2049,74.9785,1.2057,6.02
passive,-5272.14,2.7969,71.8022,1.3697,119.79
momentum,-1714.18,2.8212,71.8372,1.1254,6.17
random,-5644.95,4.9141,73.1157,1.1428,5.67
fundamental_up,-3639.79,18.5339,29.9069,7.1298,6.12
fundamental_down,24.03,3.6022,2.7902,0.0,6.23
--------------------------------------------------------------------
0.9,100,14157.72,1.7819,111.08,91.29,1.23
aggressive,-798.58,5.1957,73.6122,1.2123,2.86
passive,-4084.62,2.8225,72.7946,1.3015,135.31
momentum,-1039.28,2.7009,68.4433,1.0477,3.07
random,-4416.56,4.7875,69.12,1.1017,2.89
fundamental_up,-428.14,20.084,8.691,11.3383,2.94
fundamental_down,-145.48,4.0358,2.9291,0.0179,2.93
--------------------------------------------------------------------
1.0,100,15860.34,1.7261,106.34,84.78,-13.96
aggressive,0.0,0.0,0.0,0.0,0.0
passive,-2416.04,2.8664,73.6695,1.1839,150.0
momentum,0.0,0.0,0.0,0.0,0.0
random,0.0,0.0,0.0,0.0,0.0
fundamental_up,0.0,0.0,0.0,0.0,0.0
fundamental_down,0.0,0.0,0.0,0.0,0.0
--------------------------------------------------------------------
