type_weight,total_simulations,avg_total_trades,avg_trade_size,avg_highest_price,avg_lowest_price,avg_start_to_finish_price_change
type,avg_pnl,avg_trade_size,avg_num_of_trades,avg_bid/ask_ratio,avg_num_of_traders
0.1,100,8751.4,2.3052,214.37,99.42,102.64
aggressive,1688.06,5.1968,74.7593,1.2173,27.25
passive,-10198.56,2.648,52.3629,2.2237,27.18
momentum,-6025.76,2.7609,70.7218,1.3041,27.23
random,-9493.79,4.3337,62.0802,1.2946,14.52
fundamental_up,-9315.37,13.2484,10.3964,1.8303,27.02
fundamental_down,58.14,3.4893,2.8863,0.0,26.8
0.2,100,9101.78,2.324,194.2,99.27,85.03
aggressive,1056.22,5.187,75.2853,1.221,24.26
passive,-10139.92,2.6468,52.4896,2.2141,24.22
momentum,-6157.81,2.7616,72.229,1.3061,23.68
random,-9447.8,4.3432,61.6279,1.2974,29.24
fundamental_up,-8841.1,13.7414,9.9915,1.6759,24.28
fundamental_down,57.31,3.4337,2.9329,0.0,24.32
0.3,100,9359.3,2.338,192.01,99.14,82.58
aggressive,946.21,5.1887,73.6432,1.2215,21.73
passive,-10294.6,2.6408,51.5905,2.2579,20.73
momentum,-6355.09,2.7654,71.3674,1.311,21.35
random,-9611.2,4.3223,61.005,1.2935,43.94
fundamental_up,-8771.87,13.8575,10.029,1.6538,21.49
fundamental_down,55.42,3.4628,2.9131,0.0,20.76
0.4,100,9672.24,2.3475,185.61,98.91,76.91
aggressive,549.34,5.191,74.222,1.2171,18.04
passive,-10357.57,2.6354,50.6638,2.274,17.6
momentum,-6606.82,2.7601,71.3605,1.3139,18.31
random,-9806.79,4.2919,60.5655,1.2958,61.3
fundamental_up,-8016.52,14.4785,9.7188,1.5268,17.43
fundamental_down,46.49,3.4329,2.9395,0.0,17.32
0.5,100,9801.38,2.3603,179.96,98.53,71.73
aggressive,357.96,5.1867,73.4763,1.2234,14.83
passive,-10435.68,2.6473,50.7486,2.2536,15.11
momentum,-6811.94,2.7597,71.6898,1.3146,15.04
random,-9859.44,4.3115,60.4567,1.291,74.38
fundamental_up,-7781.25,14.9526,9.5213,1.5024,15.31
fundamental_down,40.43,3.5117,2.8809,0.0,15.33
0.6,100,10031.96,2.3672,182.2,98.55,73.06
aggressive,215.14,5.1638,75.1823,1.2082,11.78
passive,-10388.48,2.6266,49.5961,2.259,12.63
momentum,-6981.46,2.7647,71.6934,1.3101,11.86
random,-9961.65,4.2945,59.2545,1.289,90.33
fundamental_up,-7181.9,15.3831,9.4021,1.3903,11.74
fundamental_down,43.55,3.5358,2.8845,0.0,11.66
0.7,100,10124.08,2.3677,183.75,99.46,73.99
aggressive,210.9,5.1778,74.7658,1.2212,8.63
passive,-10530.28,2.6334,48.586,2.3234,8.88
momentum,-7167.76,2.7604,70.3963,1.3116,9.42
random,-10090.23,4.2734,58.7389,1.2916,104.78
fundamental_up,-6684.33,15.0945,9.4987,1.353,9.25
fundamental_down,52.11,3.5543,2.8694,0.0,9.04
0.8,100,10287.82,2.378,186.19,97.61,77.02
aggressive,230.75,5.1681,74.1834,1.2306,6.25
passive,-10657.17,2.6417,48.2612,2.3835,5.58
momentum,-7311.27,2.728,71.8473,1.3021,5.85
random,-10142.38,4.2771,57.9802,1.2878,120.0
fundamental_up,-6029.9,16.1133,9.3739,1.3224,6.25
fundamental_down,29.55,3.644,2.8337,0.0,6.07
0.9,100,10466.12,2.382,185.9,98.26,77.02
aggressive,245.14,5.1798,74.4899,1.2149,3.06
passive,-10256.74,2.5522,46.3815,2.3739,3.11
momentum,-6826.2,2.5278,62.6561,1.2333,2.67
random,-10172.55,4.2904,57.6973,1.2873,135.48
fundamental_up,-5575.41,15.8214,9.1206,1.3013,2.98
fundamental_down,30.36,3.4866,2.6982,0.0,2.7
1.0,100,10621.76,2.3847,188.01,97.6,78.38
aggressive,0.0,0.0,0.0,0.0,0.0
passive,0.0,0.0,0.0,0.0,0.0
momentum,0.0,0.0,0.0,0.0,0.0
random,-10276.91,4.3037,57.3894,1.289,150.0
fundamental_up,0.0,0.0,0.0,0.0,0.0
fundamental_down,0.0,0.0,0.0,0.0,0.0
